2251710e3                                                              
1683460e3                                                             
0.242                                                                
0.013                                                                 
1.550                                                                 
-0.35                                                               
0.6025                                                                
-0.4537                                                               
0.4738                                                                
7.2
452000
1.242
1.54
0.33
